10
301
7 26 10 9 11 3 0 11 5 17 6 2 8 0 1 1 2 13 0 33 0 1 1 4 2 25 1 32 5 13 2 0 1 1 8 3 2 11 20 28 5 6 4 23 33 22 8 3 33 0 1 1 31 33 0 0 2 5 6 2 16 0 2 0 3 1 4 22 3 22 11 9 24 1 8 24 2 1 5 25 33 7 7 8 11 19 14 0 0 27 6 5 28 33 0 3 0 2 11 0 1 0 1 8 7 2 0 1 0 4 26 0 0 0 1 0 2 24 6 19 0 1 13 9 24 33 33 9 15 6 0 3 19 14 33 0 1 1 1 0 2 6 0 12 4 2 1 3 7 26 29 0 1 1 0 1 1 25 2 1 3 1 1 4 1 1 1 26 3 26 1 1 2 5 2 0 2 0 1 23 9 2 0 1 21 0 3 0 0 1 17 12 20 1 12 14 11 0 0 1 1 5 0 1 10 2 9 2 7 1 1 1 21 8 3 0 0 0 1 6 1 26 0 3 30 33 17 6 10 1 7 0 1 1 20 3 33 0 0 0 2 31 8 4 14 6 1 33 8 25 0 16 17 6 27 32 1 33 33 0 4 1 1 0 0 1 0 9 15 2 32 1 17 7 6 3 5 14 14 0 6 2 0 13 3 9 33 0 2 0 11 5 9 6 12 10 9 1 0 0 1
156
55 9 28 36 64 59 5 64 23 22 19 64 54 10 53 5 6 64 64 64 4 60 2 3 3 26 30 64 64 6 58 62 2 64 64 64 0 64 64 64 40 5 19 10 54 64 14 50 50 14 5 3 56 64 64 8 56 64 64 64 54 10 26 29 4 3 1 1 55 9 64 64 64 47 17 64 0 5 26 14 9 10 39 0 4 6 15 64 64 64 49 14 1 64 64 64 64 64 64 10 2 46 6 59 0 4 1 22 42 12 9 43 64 64 19 45 64 6 58 46 18 64 64 60 2 0 2 64 12 9 43 64 0 13 6 7 38 64 64 64 20 44 64 1 24 18 12 9 64 49 15 20 44 64 21 43
563
3 0 0 1 1 0 4 1 0 2 0 1 0 1 0 0 1 0 0 0 0 2 0 0 0 0 0 1 0 0 0 0 0 0 1 1 0 0 0 0 0 0 1 0 0 0 1 0 1 0 0 1 2 0 0 1 0 0 0 1 0 0 0 0 0 0 1 0 0 0 0 0 0 0 1 0 0 0 0 0 0 0 1 0 1 0 0 0 0 1 0 0 0 0 0 0 0 0 1 7 0 1 0 0 0 0 1 0 0 1 0 0 1 0 0 1 1 0 2 1 0 0 0 0 0 0 1 0 0 0 0 0 1 0 1 0 1 0 0 0 0 1 0 0 0 1 0 0 0 1 0 0 1 0 2 0 0 0 1 0 0 0 0 1 0 0 1 0 0 1 0 1 0 0 0 0 0 1 0 0 0 0 0 0 0 1 0 1 0 0 1 0 1 0 0 0 0 1 0 0 0 1 0 1 0 0 1 0 0 0 1 0 1 3 0 0 0 0 0 0 0 1 0 0 0 2 0 0 0 1 0 0 0 1 0 0 0 0 1 1 0 0 1 0 0 0 1 0 0 0 0 1 0 0 0 0 0 1 0 0 0 1 0 0 0 0 0 0 1 0 0 0 1 0 2 0 0 0 0 1 0 1 0 0 0 0 0 1 0 1 0 0 1 0 0 0 0 0 0 1 0 0 0 0 0 0 0 1 0 0 0 0 0 1 0 0 1 0 0 2 0 2 2 0 0 1 0 0 0 2 1 1 0 0 0 1 0 1 0 0 0 1 0 0 0 0 0 1 0 0 0 0 0 1 0 1 0 0 1 1 1 0 0 1 0 1 0 1 0 0 0 0 1 0 0 1 0 0 1 0 0 0 1 0 0 1 0 0 0 0 0 1 0 0 0 0 0 1 0 0 0 0 0 0 1 0 0 0 0 0 1 0 0 0 0 1 0 0 0 0 1 0 0 0 0 0 1 0 0 0 0 1 0 0 0 1 0 0 1 1 2 0 0 1 0 1 0 0 0 1 0 0 0 0 1 0 1 0 2 0 0 0 0 0 0 0 1 0 0 1 1 0 0 1 0 1 0 0 1 1 0 0 1 1 0 1 0 0 0 0 0 0 0 0 0 1 0 1 0 0 0 1 0 0 0 0 1 0 1 0 1 0 0 1 0 0 0 0 0 0 1 0 13 1 0 1 0 0 1 0 0 0 1 0 0 0 0 0 0 0 0 1 0 0 0 0 0 0 1 0 2 0 2 0 2 1 1 1 2 1 1 0 2
137
72 10 4 12 15 0 1 1 0 1 11 0 2 10 0 5 72 21 0 1 13 37 72 43 25 3 1 0 1 11 16 36 8 56 6 5 0 2 2 0 0 0 1 0 0 1 0 0 2 10 59 2 18 0 1 1 50 61 0 1 1 1 0 1 4 3 35 8 0 15 9 5 20 2 36 3 3 3 5 11 53 2 1 0 1 3 1 0 0 3 69 17 45 0 4 1 1 4 12 60 0 4 60 0 4 2 0 1 1 21 15 3 11 7 2 3 0 1 9 4 0 0 2 14 17 24 11 13 5 11 4 17 22 52 13 7 72
232
43 3 30 10 10 10 5 18 11 2 6 1 0 23 22 10 11 2 41 5 7 0 0 2 29 4 5 34 4 1 38 0 4 9 15 15 4 29 1 7 1 1 7 11 0 3 10 0 3 2 7 31 7 5 3 6 3 19 12 39 0 4 0 3 7 9 2 1 16 5 4 39 23 4 10 6 6 14 23 17 1 9 2 14 43 16 15 12 0 2 41 0 3 2 0 2 19 17 11 1 28 0 3 1 16 26 17 26 42 0 0 1 2 17 18 6 43 38 5 31 8 4 0 6 0 1 10 9 17 43 4 3 5 7 3 0 7 1 2 1 1 9 25 18 43 43 43 43 37 4 1 0 1 43 5 1 14 23 6 34 1 1 1 23 3 5 12 43 10 1 1 9 4 18 18 25 15 4 13 11 21 22 43 1 2 4 10 0 15 11 3 27 13 43 18 25 39 2 1 0 1 34 9 14 21 6 1 0 1 43 34 9 43 3 40 1 1 19 22 43 9 14 0 20 14 4 4 2 19 43 36 7
372
1 0 0 1 2 0 3 0 1 1 8 0 2 0 1 1 1 0 0 1 0 2 0 0 0 0 1 6 0 6 0 1 1 3 3 0 0 0 2 0 0 0 0 1 1 1 0 0 0 1 6 4 8 0 4 0 1 3 0 5 2 5 1 2 0 5 6 2 1 23 0 1 0 0 0 4 0 1 0 0 1 1 0 7 0 0 1 0 0 1 0 0 0 1 1 1 3 0 0 1 0 1 1 2 4 1 19 0 3 8 3 2 5 0 1 1 0 0 0 0 0 0 2 0 0 1 0 0 1 2 0 1 7 1 7 6 1 0 0 0 0 1 0 0 2 0 0 0 0 1 0 0 1 19 0 0 1 0 0 1 1 2 0 2 1 0 2 0 0 1 0 0 1 0 2 6 0 4 0 1 1 0 0 1 0 0 0 1 26 0 2 6 18 1 4 1 0 0 1 1 3 9 0 0 1 0 3 2 0 20 1 0 5 1 2 0 0 0 4 3 3 3 3 1 3 0 3 0 0 0 0 1 0 0 0 0 1 0 1 2 0 0 1 0 3 0 0 1 0 1 1 0 0 1 0 1 0 0 1 1 0 1 1 0 1 0 1 1 0 0 1 1 3 0 3 0 1 3 2 3 0 0 1 0 0 1 0 0 3 0 0 0 1 3 1 0 0 1 0 0 0 0 1 2 0 2 24 4 1 2 0 1 1 1 3 0 0 1 12 0 2 2 6 2 1 1 1 1 2 1 1 6 0 0 1 1 0 0 2 0 2 0 2 1 5 0 1 0 3 0 2 3 0 0 0 0 1 0 0 1 0 1 21 1 1 3 2 0 5 4 2 13
318
13 7 2 0 0 0 0 0 1 6 0 0 0 1 0 1 1 2 0 0 1 0 1 1 0 1 9 15 0 7 1 0 2 0 2 0 1 0 0 1 1 6 2 3 1 0 2 1 0 0 0 1 0 0 0 0 0 0 1 1 1 0 0 0 1 7 0 0 0 1 1 0 1 2 0 0 1 0 0 0 1 0 2 0 0 0 1 1 0 1 1 1 0 2 0 0 1 0 0 0 1 0 0 2 0 0 4 2 0 1 2 0 0 1 0 0 0 1 0 0 3 0 0 0 0 1 0 1 0 0 2 0 0 0 0 0 1 1 0 1 0 1 0 3 0 1 0 0 1 2 2 2 23 0 0 1 0 0 1 1 1 1 1 0 2 1 0 0 1 0 1 0 1 1 6 0 3 2 0 0 0 1 0 0 1 0 0 1 0 1 1 0 0 1 0 1 3 2 0 0 0 0 0 0 1 9 4 3 0 0 1 6 1 4 3 0 0 0 1 3 2 4 14 5 0 0 0 1 0 0 0 0 1 4 27 21 0 0 0 0 0 0 1 0 0 0 1 0 3 1 2 0 2 0 0 0 1 1 0 1 1 0 0 2 0 0 1 0 0 0 1 0 1 0 0 2 1 0 0 0 2 0 1 1 0 0 1 0 0 1 0 0 0 2 0 3 0 0 0 0 1 0 0 1 0 0 2 1 3 0 0 0 1 20 8 1 0 1
159
0 0 1 0 0 1 1 0 0 0 0 0 0 0 1 0 0 0 0 0 0 0 0 1 2 1 1 0 0 0 0 0 0 1 0 1 1 0 0 1 0 2 5 1 2 0 0 0 0 0 0 1 0 0 0 0 0 1 0 1 0 0 1 0 0 0 0 1 20 2 0 0 2 0 0 0 0 1 0 0 0 1 1 1 0 3 0 1 1 0 0 0 0 0 1 0 1 1 0 1 0 3 4 1 0 0 0 0 0 1 3 0 2 0 12 0 0 0 1 0 0 1 0 8 0 4 1 0 0 1 0 0 0 1 0 0 0 0 0 0 0 1 0 0 0 0 0 1 0 4 0 8 1 0 0 0 0 0 1
239
2 21 16 2 2 7 14 9 3 6 2 3 3 33 0 3 0 0 1 3 29 0 5 2 3 21 6 9 27 14 26 15 5 15 12 9 3 31 1 2 4 0 3 5 1 6 18 0 0 1 7 41 10 24 7 41 0 0 0 0 1 1 9 4 10 16 41 41 7 1 5 1 0 1 0 6 6 2 1 6 1 3 0 0 1 13 11 10 2 0 1 2 2 15 4 4 0 1 17 41 41 0 2 0 2 1 16 12 0 0 0 1 7 41 0 12 29 39 2 8 2 31 11 0 20 8 2 12 7 3 14 5 0 5 6 19 11 0 18 4 2 1 7 5 2 0 2 7 4 18 12 0 2 10 0 1 2 4 3 19 0 1 5 30 5 38 0 3 29 12 41 2 0 5 17 17 41 41 33 1 2 1 1 1 2 3 0 1 4 22 7 4 25 7 3 6 2 34 0 5 0 1 1 7 5 16 3 8 12 3 2 1 20 0 3 8 4 21 7 1 0 2 5 9 3 22 7 12 12 0 4 6 4 14 3 15 1 1 3
523
0 19 8 0 1 0 1 1 0 0 0 1 3 1 1 2 0 0 1 3 0 0 1 0 1 4 9 16 3 3 0 9 6 0 0 1 0 0 2 0 0 0 0 0 1 0 0 1 0 0 1 14 12 0 6 1 0 1 1 10 0 2 0 3 2 0 0 1 0 0 0 1 0 0 0 1 0 0 1 0 0 0 0 1 9 0 0 0 1 0 4 0 2 0 2 0 1 14 10 0 5 1 1 2 0 2 3 2 0 1 0 3 0 1 3 2 0 0 2 0 0 4 0 1 7 4 1 2 0 16 0 2 1 5 11 3 15 3 0 0 1 0 0 1 0 2 5 6 5 9 9 0 1 5 0 2 2 10 1 1 16 0 0 1 0 0 1 2 3 0 1 0 0 1 0 0 0 1 1 5 0 1 0 3 3 16 0 0 1 4 0 6 0 0 0 0 1 0 0 0 0 1 0 2 2 0 1 0 0 1 19 19 3 14 0 1 0 1 2 0 0 1 10 0 1 1 2 0 0 0 0 1 0 1 5 0 2 6 0 1 4 0 0 1 2 6 2 6 3 0 0 1 5 0 7 5 0 1 5 0 1 4 0 0 0 1 0 1 7 9 4 0 1 0 0 0 1 1 3 0 1 1 0 2 1 0 0 2 1 0 1 0 7 0 1 0 2 6 0 3 3 1 3 3 0 0 2 4 0 1 0 1 0 0 1 0 1 0 2 5 2 10 0 9 1 2 12 0 1 1 1 0 0 0 0 1 0 1 9 9 0 0 0 1 0 1 0 0 0 1 6 2 5 3 0 2 1 0 16 0 4 0 2 4 1 8 0 1 5 2 1 4 2 0 1 1 1 1 0 2 3 0 2 3 9 16 0 3 0 1 0 0 0 1 4 0 1 1 0 1 4 6 3 12 1 1 2 0 0 0 1 8 0 10 0 4 0 2 2 9 0 0 2 0 1 9 0 1 7 1 0 10 0 0 1 1 4 2 1 8 8 2 0 1 1 6 0 3 1 8 0 0 0 0 0 1 7 11 0 2 2 4 11 4 2 1 10 2 0 1 18 0 0 1 3 0 1 3 1 1 9 12 0 2 2 0 2 1 10 9 0 5 0 3 6 0 1 1 2 0 0 0 1 0 0 3 6 3 0 1 0 0 1 0 0 0 4 0 1 7 0 5 7
